 7777777777777777777777777777777777777777777777
 7777777777777777777777777777777777777777777777
 77                                          77
 77                                          77
 7777777777777777777777777777777777777777777777
 7777777777777777777777777777777777777777777777
 77   777   77777   77777777   7777777777777777
 77   777   77777   777777777777777777777777777
 77777   77777         77         77         77
 77777   77777         77         77         77
 77   777   77777   777777777777777777777777777
 77   777   77777   77777777   7777777777777777
 7777777777777777777777777777777777777777777777
 7777777777777777777777777777777777777777777777
