 7777777777777777777777777777777777777777777777
 77777777777777777777777777777777777777777777
 77                           7777777777777
 77                           77777777777
 7777777777777777777777777777777777777777
 7777777777777777777777777777777777777777
 77          7777777777777777777777777777
 77          7777777777777777777777777777
 7777777777777777777777777777777777777777
 7777777777777777777777777777777777777777
 77                                  7777
 77                                  7777
 7777777777777777777777777777777777777777
 7777777777777777777777777777777777777777