 7777777777777777777777777777777777777777777777
 7777777777777777777777777777777777777777777777
 77eeeeee7         7     7       77      777777
 7777ee7777777777777777777777777777777777777777
 7777ee777           7   7    77777777777777777
 7777ee7777777777777777777777777777777777777777
 777777777          7  7    7       7      7777
 7777777777777777777777777777777777777777777777
 77      7      7     7           7    7    777
 7777777777777777777777777777777777777777777777
 77   7          7       7      7      77777777
 7777777777777777777777777777777777777777777777
 777755555577777777771111117777777777eeeeee7777
 7777777777777777777777777777777777777777777777