                       77
                    7777777
         777
      77777777                       444444
                      77777          444444
               77777777777777        444444
            77777777777777778888     444444
         77777777777777788888888888
                 8888888888
           3                  3  3
                  3     3
              3       3    3  3
           3     3      3          3
                    3
         3     3          3     3
                      3